{
 "cells": [
  {
   "cell_type": "code",
   "execution_count": 1,
   "metadata": {},
   "outputs": [],
   "source": [
    "import os\n",
    "os.environ['CUDA_VISIBLE_DEVICES'] = '0'\n",
    "import sys\n",
    "sys.path.append(\"/home/lhz/Workplace/General Execute Architecture/\")\n",
    "\n",
    "from dataclasses import dataclass\n",
    "from typing import Optional, Union, Tuple, Dict, List, Any\n",
    "\n",
    "import torch\n",
    "import torch.nn.functional as F\n",
    "from transformers import (\n",
    "    PreTrainedModel, \n",
    "    PreTrainedTokenizer, \n",
    "    AutoTokenizer,\n",
    "    LlamaForCausalLM,\n",
    "    LlamaConfig,\n",
    ")\n",
    "from transformers.utils.generic import PaddingStrategy\n",
    "\n",
    "from gea.metric.metrics import MetricBase, StateMetric, DistanceMetric, MergeMethod\n",
    "from gea.eval.experiment import Experiments\n",
    "from gea.eval.benchmark import get_benchmark, SequenceOutputs\n",
    "from gea.model.template import MODEL_TEMPLATES\n",
    "from gea.self.xAdaptive.modeling_xAdaptive import xAdaptiveForCausalLM"
   ]
  },
  {
   "cell_type": "code",
   "execution_count": 2,
   "metadata": {},
   "outputs": [],
   "source": [
    "@dataclass\n",
    "class DataCollatorForCasualLM:\n",
    "    processor: PreTrainedTokenizer\n",
    "    padding: Union[bool, str, PaddingStrategy] = True\n",
    "    truncation: Union[bool, str] = True\n",
    "    max_length: int = 20\n",
    "    pad_to_multiple_of: Optional[int] = None\n",
    "    return_tensors: str = \"pt\"\n",
    "    ignore_index: int = -100\n",
    "    def __call__(self, features: Union[Dict[str, Any], List[Dict[str, Any]]]) -> Dict[str, Any]:\n",
    "        input_ids = [feature['input_ids'] for feature in features]\n",
    "        input_ids = self.processor(\n",
    "            input_ids,\n",
    "            padding=self.padding,\n",
    "            truncation=self.truncation,\n",
    "            max_length=self.max_length,\n",
    "            pad_to_multiple_of=self.pad_to_multiple_of,\n",
    "            return_tensors=self.return_tensors\n",
    "        )\n",
    "        return input_ids\n",
    "\n",
    "def load_llama_final(model, pretrained_model_path:str):\n",
    "    file_names = sorted([file for file in os.listdir(pretrained_model_path) if file.endswith('.bin')])\n",
    "    pretrained_model_state_dict = torch.load(os.path.join(pretrained_model_path, file_names[0]), map_location=\"cpu\")\n",
    "    load_model_state_dict = {}\n",
    "    state_dict = model.state_dict()\n",
    "    for key, value in pretrained_model_state_dict.items():\n",
    "        if \"embed_tokens\" in key:\n",
    "            load_model_state_dict[key.replace(\"model.\", \"\")] = value\n",
    "    pretrained_model_state_dict = torch.load(os.path.join(pretrained_model_path, file_names[1]), map_location=\"cpu\")\n",
    "    for key, value in pretrained_model_state_dict.items():\n",
    "        if \"layers.31\" in key and \"inv_freq\" not in key:\n",
    "            key = key.replace(\"31\", \"0\").replace(\"model.\", \"\")\n",
    "            if key in state_dict.keys():\n",
    "                load_model_state_dict[key] = value\n",
    "        if \"model.norm\" in key:\n",
    "            load_model_state_dict[key.replace(\"model.\", \"\")] = value\n",
    "    state_dict.update(load_model_state_dict)\n",
    "    model.load_state_dict(state_dict)\n",
    "    for _, param in model.named_parameters():\n",
    "        param.requires_grad = False\n",
    "\n",
    "def load_lm_head(model:torch.nn.Module, pretrained_model_path:str):\n",
    "    file_names = sorted([file for file in os.listdir(pretrained_model_path) if file.endswith('.bin')])\n",
    "    pretrained_model_state_dict = torch.load(os.path.join(pretrained_model_path, file_names[-1]), map_location=\"cpu\")\n",
    "    load_model_state_dict = {}\n",
    "    state_dict = model.state_dict()\n",
    "    for key, value in pretrained_model_state_dict.items():\n",
    "        if \"lm_head\" in key:\n",
    "            load_model_state_dict[key] = value\n",
    "            print(key)\n",
    "    state_dict.update(load_model_state_dict)\n",
    "    model.load_state_dict(state_dict)\n",
    "    for _, param in model.named_parameters():\n",
    "        param.requires_grad = False\n",
    "\n",
    "def load_embed_token(model, pretrained_model_path):\n",
    "    file_names = sorted([file for file in os.listdir(pretrained_model_path) if file.endswith('.bin')])\n",
    "    pretrained_model_state_dict = torch.load(os.path.join(pretrained_model_path, file_names[0]), map_location=\"cpu\")\n",
    "    load_model_state_dict = {}\n",
    "    state_dict = model.state_dict()\n",
    "    for key, value in pretrained_model_state_dict.items():\n",
    "        if \"embed_tokens\" in key:\n",
    "            load_model_state_dict[key] = value\n",
    "            print(key)\n",
    "    state_dict.update(load_model_state_dict)\n",
    "    model.load_state_dict(state_dict)\n",
    "    for _, param in model.named_parameters():\n",
    "        param.requires_grad = False\n"
   ]
  },
  {
   "cell_type": "code",
   "execution_count": 3,
   "metadata": {},
   "outputs": [],
   "source": [
    "class MetricSet(MetricBase):\n",
    "    def __init__(self, metrics:List[MetricBase] = None) -> None:\n",
    "        self.metrics = metrics\n",
    "        super().__init__()\n",
    "\n",
    "    def update(self, index:int, states:torch.Tensor) -> None:\n",
    "        self.metrics[index].update(states)\n",
    "    \n",
    "    def compute(self) -> None:\n",
    "        for i in range(len(self.metrics)):\n",
    "            self.metrics[i].compute()\n",
    "    \n",
    "    def summary(self, **kwargs) -> None:\n",
    "        return {str(k):v.summary() for k, v in zip(range(len(self.metrics)), self.metrics)}\n",
    "    \n",
    "    def merge(self, eval:'MetricSet', method: Union[MergeMethod, str] = MergeMethod.MEAN) -> None:\n",
    "        self._merge_times = (self._merge_times + eval._merge_times)\n",
    "        for i in range(len(self.metrics)):\n",
    "            self.metrics[i].merge(eval.metrics[i], method)"
   ]
  },
  {
   "cell_type": "code",
   "execution_count": 4,
   "metadata": {},
   "outputs": [],
   "source": [
    "@torch.inference_mode()\n",
    "def speculative_decoding_adaptive(\n",
    "    input_ids:torch.Tensor, \n",
    "    draft:PreTrainedModel, \n",
    "    target:PreTrainedModel, \n",
    "    eos_token_id:int,\n",
    "    k:int,\n",
    "    max_length:int,\n",
    "    do_sample:bool = False,\n",
    "    **kwargs,\n",
    "    ) -> SequenceOutputs:\n",
    "    bsz, seq_len = input_ids.size()\n",
    "    eos_token_id_tensor = torch.tensor([eos_token_id]).to(draft.device)\n",
    "    retrieve_idx = kwargs.pop(\"retrieve_idx\", -1)\n",
    "    past_key_values = kwargs.pop(\"past_key_values\", None)\n",
    "    candidate_past_key_values:Tuple[torch.Tensor] = kwargs.pop(\"candidate_past_key_values\", None)\n",
    "    metrics:MetricSet = kwargs.pop(\"metrics\", \n",
    "                                   MetricSet([\n",
    "                                       StateMetric([DistanceMetric.COSINE, DistanceMetric.ABSOLUTE]) \n",
    "                                       for _ in range(k + 1)\n",
    "                                       ]))\n",
    "\n",
    "    outputs = target(\n",
    "        input_ids=input_ids,\n",
    "        past_key_values=past_key_values,\n",
    "        output_hidden_states=True,\n",
    "        return_dict=True,\n",
    "        use_cache=True,\n",
    "    )\n",
    "    past_key_values = outputs.past_key_values\n",
    "    logits = F.softmax(outputs.logits[:, -1:], dim=-1)\n",
    "    new_token = torch.multinomial(logits.view(bsz, -1), 1, False) if do_sample else logits.argmax(dim=-1)\n",
    "    input_ids = torch.cat([input_ids, new_token], dim=-1)\n",
    "    candidate_token = input_ids\n",
    "    hidden_states:torch.Tensor = outputs.hidden_states[retrieve_idx]\n",
    "\n",
    "    metrics.start()\n",
    "    while True:\n",
    "        candidate_input_ids = input_ids\n",
    "        outputs = draft(\n",
    "            input_ids=candidate_token,\n",
    "            prev_hidden_states = hidden_states,\n",
    "            past_key_values = candidate_past_key_values,\n",
    "            output_hidden_states=True,\n",
    "            return_dict=True,\n",
    "            use_cache=True,\n",
    "            continued=False,\n",
    "        )\n",
    "        candidate_past_key_values = outputs.past_key_values\n",
    "        candidate_logits = F.softmax(outputs.logits, dim=-1).unsqueeze(1)\n",
    "        candidate_token = torch.multinomial(candidate_logits[:, -1], 1, False) if do_sample else candidate_logits.argmax(dim=-1)\n",
    "        candidate_input_ids = torch.cat((candidate_input_ids, candidate_token), dim=-1)\n",
    "\n",
    "        adaptive_hidden_states:torch.Tensor = outputs.hidden_states[-1]\n",
    "        prev_hidden_states:torch.Tensor = outputs.hidden_states[-2]\n",
    "        for i in range(k - 1):\n",
    "            outputs = draft(\n",
    "                input_ids = candidate_token,\n",
    "                prev_hidden_states = prev_hidden_states[:, i+1],\n",
    "                adaptive_states = adaptive_hidden_states,\n",
    "                output_hidden_states=True,\n",
    "                return_dict = True,\n",
    "                use_cache=False,\n",
    "                continued=True,\n",
    "            )\n",
    "            candidate_logits = torch.cat((\n",
    "                candidate_logits, F.softmax(outputs.logits, dim=-1).unsqueeze(1)\n",
    "            ), dim=1)\n",
    "            candidate_token = torch.multinomial(\n",
    "                candidate_logits[:, -1], 1, False\n",
    "            ) if do_sample else candidate_logits[:, -1:].argmax(dim=-1)\n",
    "            candidate_input_ids = torch.cat((candidate_input_ids, candidate_token), dim=-1)\n",
    "            adaptive_hidden_states:torch.Tensor = outputs.hidden_states[-1]\n",
    "\n",
    "        outputs = target(\n",
    "            input_ids=candidate_input_ids[:, input_ids.shape[1]-1:],\n",
    "            past_key_values=past_key_values,\n",
    "            output_hidden_states=True,\n",
    "            return_dict=True,\n",
    "            use_cache=True,\n",
    "        )\n",
    "        logits = F.softmax(outputs.logits, dim=-1)\n",
    "\n",
    "        if do_sample:\n",
    "            q_prob = torch.gather(logits[:, :-1], -1, candidate_input_ids[:, -k:, None]).squeeze(-1)\n",
    "            p_prob = torch.gather(candidate_logits, -1, candidate_input_ids[:, -k:, None]).squeeze(-1)\n",
    "            matches = ((\n",
    "                torch.rand_like(p_prob) > q_prob.div_(p_prob)\n",
    "            ).int().cumsum_(dim=-1) < 1).sum(dim=-1)\n",
    "        else:\n",
    "            matches = ((\n",
    "                torch.argmax(logits[:, :-1], dim=-1) != candidate_input_ids[:, -k:]\n",
    "            ).int().cumsum_(dim=-1) < 1).sum(dim=-1)\n",
    "        \n",
    "        input_ids = candidate_input_ids[:, :input_ids.shape[-1] + matches]\n",
    "        if do_sample:\n",
    "            if matches != k:\n",
    "                prob = (\n",
    "                    logits[:, matches] - candidate_logits[:, matches]\n",
    "                ).squeeze(dim=1).clamp_(min=0)\n",
    "                prob.div_(torch.sum(prob, dim=-1))\n",
    "            else:\n",
    "                prob = logits[:, matches]\n",
    "            input_ids = torch.cat((input_ids, torch.multinomial(prob.view(bsz, -1), 1, False)), dim=-1)\n",
    "        else:\n",
    "            input_ids = torch.cat((\n",
    "                input_ids, logits[:, matches].argmax(-1)\n",
    "            ), dim=-1)\n",
    "        candidate_token = input_ids[:, -matches - 2:]\n",
    "\n",
    "        hidden_states = outputs.hidden_states[retrieve_idx][:, :matches + 1, :]\n",
    "        past_key_values = tuple((item[0][..., :input_ids.shape[1]-1, :], item[1][..., :input_ids.shape[1]-1, :]) for item in outputs.past_key_values)\n",
    "        \n",
    "        metrics.update(matches, states=prev_hidden_states)\n",
    "        unfinished_sequences:torch.Tensor = input_ids[:, -(matches + 1):]\\\n",
    "            .tile(eos_token_id_tensor.shape[0], 1)\\\n",
    "            .eq_(eos_token_id_tensor.unsqueeze(1))\\\n",
    "            .cumsum_(-1).sum(-1)\n",
    "        if unfinished_sequences.min() != 0:\n",
    "            input_ids = input_ids[:, :-unfinished_sequences.min()+1] if unfinished_sequences.min() != 1 else input_ids\n",
    "            break\n",
    "        if input_ids.shape[-1] >= max_length:\n",
    "            break\n",
    "\n",
    "    metrics.end()\n",
    "    metrics.compute()\n",
    "    \n",
    "    return SequenceOutputs(\n",
    "        sequences=input_ids,\n",
    "        metrics=metrics,\n",
    "        kwargs={\n",
    "            \"past_key_values\":past_key_values,\n",
    "            \"candidate_past_key_values\":candidate_past_key_values, \n",
    "        }\n",
    "        )\n"
   ]
  },
  {
   "cell_type": "code",
   "execution_count": 5,
   "metadata": {},
   "outputs": [
    {
     "name": "stderr",
     "output_type": "stream",
     "text": [
      "You are using a model of type sla_model to instantiate a model of type xa_model. This is not supported for all configurations of models and can yield errors.\n",
      "Some weights of xAdaptiveForCausalLM were not initialized from the model checkpoint at /data/lhz/manual/model/3E/7B/0803/checkpoint-27846-epoch-20/ and are newly initialized: ['embed_tokens.weight']\n",
      "You should probably TRAIN this model on a down-stream task to be able to use it for predictions and inference.\n"
     ]
    },
    {
     "name": "stdout",
     "output_type": "stream",
     "text": [
      "model.embed_tokens.weight\n",
      "lm_head.weight\n"
     ]
    },
    {
     "data": {
      "application/vnd.jupyter.widget-view+json": {
       "model_id": "4fa7a8468f874abfa35fc0ac42b44748",
       "version_major": 2,
       "version_minor": 0
      },
      "text/plain": [
       "Loading checkpoint shards:   0%|          | 0/2 [00:00<?, ?it/s]"
      ]
     },
     "metadata": {},
     "output_type": "display_data"
    },
    {
     "data": {
      "text/plain": [
       "xAdaptiveForCausalLM(\n",
       "  (model): xAdaptiveModel(\n",
       "    (medusa): xAdaptiveHead(\n",
       "      (g_proj): Linear(in_features=8192, out_features=12288, bias=False)\n",
       "      (u_proj): Linear(in_features=8192, out_features=8192, bias=False)\n",
       "      (o_proj): Linear(in_features=8192, out_features=4096, bias=False)\n",
       "      (u_act_fn): GELU(approximate='none')\n",
       "      (g_act_fn): Tanh()\n",
       "    )\n",
       "    (embed_tokens): Embedding(32000, 4096)\n",
       "    (layers): ModuleList(\n",
       "      (0): xAdaptiveDecoderLayer(\n",
       "        (self_attn): xAdaptiveAttention(\n",
       "          (x_embeds): Linear(in_features=4096, out_features=16384, bias=False)\n",
       "          (q_proj): Linear(in_features=4096, out_features=4096, bias=False)\n",
       "          (k_proj): Linear(in_features=8192, out_features=4096, bias=False)\n",
       "          (v_proj): Linear(in_features=8192, out_features=4096, bias=False)\n",
       "          (o_proj): Linear(in_features=4096, out_features=4096, bias=False)\n",
       "          (input_layernorm): LlamaRMSNorm()\n",
       "          (rotary_emb): LlamaRotaryEmbedding()\n",
       "        )\n",
       "        (mlp): xAdaptiveMLP(\n",
       "          (gate_proj): Linear(in_features=4096, out_features=11008, bias=False)\n",
       "          (up_proj): Linear(in_features=4096, out_features=11008, bias=False)\n",
       "          (down_proj): Linear(in_features=11008, out_features=4096, bias=False)\n",
       "          (act_fn): SiLU()\n",
       "        )\n",
       "        (post_attention_layernorm): LlamaRMSNorm()\n",
       "      )\n",
       "    )\n",
       "    (norm): LlamaRMSNorm()\n",
       "    (lm_head): Linear(in_features=4096, out_features=32000, bias=False)\n",
       "  )\n",
       "  (lm_head): Linear(in_features=4096, out_features=32000, bias=False)\n",
       ")"
      ]
     },
     "execution_count": 5,
     "metadata": {},
     "output_type": "execute_result"
    }
   ],
   "source": [
    "k = 5\n",
    "base_model = \"/data/lhz/models/meta/Llama-2-7b-chat-hf/\"\n",
    "eagle_model_config = \"/data/lhz/models/EAGLE-llama2-chat-7B/\"\n",
    "eagle_model_state_dict = \"/data/lhz/models/EAGLE-llama2-chat-7B/pytorch_model.bin\"\n",
    "draft_model = xAdaptiveForCausalLM.from_pretrained(\n",
    "    \"/data/lhz/manual/model/3E/7B/0803/checkpoint-27846-epoch-20/\",\n",
    "    torch_dtype=torch.float16,\n",
    "    inp_hid_sz=4096, \n",
    "    oup_hid_sz=8192, \n",
    "    intm_hid_sz=4096,\n",
    "    k=k,\n",
    ")\n",
    "load_embed_token(draft_model, base_model)\n",
    "load_lm_head(draft_model, base_model)\n",
    "draft_model.to('cuda:0', torch.float16)\n",
    "\n",
    "config = LlamaConfig.from_pretrained(base_model)\n",
    "config._attn_implementation = \"eager\"\n",
    "target_model = LlamaForCausalLM.from_pretrained(\n",
    "    base_model,\n",
    "    config=config,\n",
    "    torch_dtype=torch.float16,\n",
    "    device_map=\"auto\",\n",
    "    use_safetensors=True,\n",
    ")\n",
    "tokenizer = AutoTokenizer.from_pretrained(base_model, use_fast=False, )\n",
    "tokenizer.pad_token_id = tokenizer.eos_token_id\n",
    "template = MODEL_TEMPLATES[\"llama2\"]\n",
    "\n",
    "target_model.eval()\n",
    "draft_model.eval()"
   ]
  },
  {
   "cell_type": "code",
   "execution_count": 12,
   "metadata": {},
   "outputs": [
    {
     "data": {
      "application/vnd.jupyter.widget-view+json": {
       "model_id": "6b7b2f6d43924cf9b319f3176771eb8c",
       "version_major": 2,
       "version_minor": 0
      },
      "text/plain": [
       "Map (num_proc=4):   0%|          | 0/164 [00:00<?, ? examples/s]"
      ]
     },
     "metadata": {},
     "output_type": "display_data"
    }
   ],
   "source": [
    "adaptive_exp = Experiments(\n",
    "    num=200,\n",
    "    records=['sequences'],\n",
    "    max_length=2048,\n",
    "    k=k,\n",
    "    do_sample=False,\n",
    "    retrieve_idx=21,\n",
    ")\n",
    "\n",
    "benchmark = get_benchmark('HUMANEVAL', tokenizer=tokenizer, template=template)\n",
    "benchmark.prepare(\n",
    "    max_length=2048, \n",
    ")"
   ]
  },
  {
   "cell_type": "code",
   "execution_count": 13,
   "metadata": {},
   "outputs": [
    {
     "name": "stderr",
     "output_type": "stream",
     "text": [
      "INFERENCING: 100%|██████████| 164/164 [13:15<00:00,  4.94s/it]"
     ]
    }
   ],
   "source": [
    "benchmark.evaluate(adaptive_exp, speculative_decoding_adaptive, draft_model, target_model, tokenizer.eos_token_id)"
   ]
  },
  {
   "cell_type": "code",
   "execution_count": 14,
   "metadata": {},
   "outputs": [
    {
     "name": "stdout",
     "output_type": "stream",
     "text": [
      "[\u001b[32mINFO\u001b[0m|gea.eval.experiment:144] 09/02/2024 01:12:43 >> ***  METRIC SUMMARIES  ***\n",
      "[\u001b[32mINFO\u001b[0m|gea.eval.experiment:161] 09/02/2024 01:12:43 >> \n",
      "*      0       *\n",
      "**  metrics   **\n",
      "[[1.         0.7009961  0.61673856 0.55846506 0.5112684 ]\n",
      " [0.7009961  1.         0.9087636  0.8487575  0.79036015]\n",
      " [0.61673856 0.9087636  1.         0.93838537 0.8889039 ]\n",
      " [0.55846506 0.8487575  0.93838537 1.         0.9416076 ]\n",
      " [0.5112684  0.79036015 0.8889039  0.9416076  1.        ]]\n",
      "[[0.        7.0650673 8.074851  8.599019  8.953683 ]\n",
      " [7.0650673 0.        4.0756426 5.2216287 6.1007795]\n",
      " [8.074851  4.0756426 0.        3.3086443 4.4653425]\n",
      " [8.599019  5.2216287 3.3086443 0.        3.125098 ]\n",
      " [8.953683  6.1007795 4.4653425 3.125098  0.       ]]\n",
      "[\u001b[32mINFO\u001b[0m|gea.eval.experiment:161] 09/02/2024 01:12:43 >> \n",
      "*      1       *\n",
      "**  metrics   **\n",
      "[[1.         0.6695402  0.57894105 0.523424   0.4796907 ]\n",
      " [0.6695402  1.         0.8919208  0.8315792  0.77487254]\n",
      " [0.57894105 0.8919208  1.         0.9308645  0.88261926]\n",
      " [0.523424   0.8315792  0.9308645  1.         0.9344706 ]\n",
      " [0.4796907  0.77487254 0.88261926 0.9344706  1.        ]]\n",
      "[[0.        7.3946743 8.366269  8.863939  9.208815 ]\n",
      " [7.3946743 0.        4.3160524 5.389036  6.2090454]\n",
      " [8.366269  4.3160524 0.        3.4446175 4.5151634]\n",
      " [8.863939  5.389036  3.4446175 0.        3.28952  ]\n",
      " [9.208815  6.2090454 4.5151634 3.28952   0.       ]]\n",
      "[\u001b[32mINFO\u001b[0m|gea.eval.experiment:161] 09/02/2024 01:12:43 >> \n",
      "*      2       *\n",
      "**  metrics   **\n",
      "[[1.         0.6559041  0.5547039  0.4941858  0.44819087]\n",
      " [0.6559041  1.         0.8866073  0.8186587  0.7560956 ]\n",
      " [0.5547039  0.8866073  1.         0.9295701  0.8752539 ]\n",
      " [0.4941858  0.8186587  0.9295701  1.         0.93528134]\n",
      " [0.44819087 0.7560956  0.8752539  0.93528134 1.        ]]\n",
      "[[0.        7.4798436 8.504293  9.030953  9.394038 ]\n",
      " [7.4798436 0.        4.297407  5.4300666 6.2895427]\n",
      " [8.504293  4.297407  0.        3.389535  4.545401 ]\n",
      " [9.030953  5.4300666 3.389535  0.        3.1884553]\n",
      " [9.394038  6.2895427 4.545401  3.1884553 0.       ]]\n",
      "[\u001b[32mINFO\u001b[0m|gea.eval.experiment:161] 09/02/2024 01:12:43 >> \n",
      "*      3       *\n",
      "**  metrics   **\n",
      "[[1.         0.65008944 0.5493214  0.4841781  0.43905663]\n",
      " [0.65008944 1.         0.8832551  0.8109201  0.74701023]\n",
      " [0.5493214  0.8832551  1.         0.9247156  0.86999196]\n",
      " [0.4841781  0.8109201  0.9247156  1.         0.93208283]\n",
      " [0.43905663 0.74701023 0.86999196 0.93208283 1.        ]]\n",
      "[[0.        7.585117  8.615555  9.143906  9.481366 ]\n",
      " [7.585117  0.        4.406794  5.57855   6.42651  ]\n",
      " [8.615555  4.406794  0.        3.5242321 4.6458645]\n",
      " [9.143906  5.57855   3.5242321 0.        3.2760782]\n",
      " [9.481366  6.42651   4.6458645 3.2760782 0.       ]]\n",
      "[\u001b[32mINFO\u001b[0m|gea.eval.experiment:161] 09/02/2024 01:12:43 >> \n",
      "*      4       *\n",
      "**  metrics   **\n",
      "[[1.         0.67254376 0.5721721  0.5048592  0.45528638]\n",
      " [0.67254376 1.         0.88638294 0.81164217 0.7459282 ]\n",
      " [0.5721721  0.88638294 1.         0.9270524  0.86981595]\n",
      " [0.5048592  0.81164217 0.9270524  1.         0.93597275]\n",
      " [0.45528638 0.7459282  0.86981595 0.93597275 1.        ]]\n",
      "[[0.        7.423215  8.506468  9.099235  9.484498 ]\n",
      " [7.423215  0.        4.3915    5.6412106 6.5386634]\n",
      " [8.506468  4.3915    0.        3.5099516 4.721547 ]\n",
      " [9.099235  5.6412106 3.5099516 0.        3.2306068]\n",
      " [9.484498  6.5386634 4.721547  3.2306068 0.       ]]\n",
      "[\u001b[32mINFO\u001b[0m|gea.eval.experiment:161] 09/02/2024 01:12:43 >> \n",
      "*      5       *\n",
      "**  metrics   **\n",
      "[[1.         0.66349316 0.56607085 0.50297576 0.4544923 ]\n",
      " [0.66349316 1.         0.88557994 0.81519765 0.7509792 ]\n",
      " [0.56607085 0.88557994 1.         0.92701006 0.870522  ]\n",
      " [0.50297576 0.81519765 0.92701006 1.         0.93550277]\n",
      " [0.4544923  0.7509792  0.870522   0.93550277 1.        ]]\n",
      "[[0.        7.4977207 8.529933  9.073072  9.429171 ]\n",
      " [7.4977207 0.        4.379391  5.543139  6.4029007]\n",
      " [8.529933  4.379391  0.        3.4950516 4.6552954]\n",
      " [9.073072  5.543139  3.4950516 0.        3.223869 ]\n",
      " [9.429171  6.4029007 4.6552954 3.223869  0.       ]]\n"
     ]
    }
   ],
   "source": [
    "adaptive_exp.print()"
   ]
  },
  {
   "cell_type": "code",
   "execution_count": 15,
   "metadata": {},
   "outputs": [
    {
     "name": "stdout",
     "output_type": "stream",
     "text": [
      "[array([[1.        , 0.7009961 , 0.61673856, 0.55846506, 0.5112684 ],\n",
      "       [0.7009961 , 1.        , 0.9087636 , 0.8487575 , 0.79036015],\n",
      "       [0.61673856, 0.9087636 , 1.        , 0.93838537, 0.8889039 ],\n",
      "       [0.55846506, 0.8487575 , 0.93838537, 1.        , 0.9416076 ],\n",
      "       [0.5112684 , 0.79036015, 0.8889039 , 0.9416076 , 1.        ]],\n",
      "      dtype=float32), array([[0.       , 7.0650673, 8.074851 , 8.599019 , 8.953683 ],\n",
      "       [7.0650673, 0.       , 4.0756426, 5.2216287, 6.1007795],\n",
      "       [8.074851 , 4.0756426, 0.       , 3.3086443, 4.4653425],\n",
      "       [8.599019 , 5.2216287, 3.3086443, 0.       , 3.125098 ],\n",
      "       [8.953683 , 6.1007795, 4.4653425, 3.125098 , 0.       ]],\n",
      "      dtype=float32)]\n"
     ]
    }
   ],
   "source": [
    "print(adaptive_exp.summaries['0']['metrics'])"
   ]
  },
  {
   "cell_type": "code",
   "execution_count": 16,
   "metadata": {},
   "outputs": [
    {
     "data": {
